# OLAELEC-EQ (24777)  2026-04-17 09:15 -> 2026-04-17 15:15
# Strategy: init=0.1%  long=0.5%  short=10%
# Funds: 110000  Base: 100000
# Prev close: 38.7
  idx                   time       open       high        low      close     %chg    event  target_sell
--------------------------------------------------------------------------------------------------------------
    0 2026-04-17T09:15:00+05:30      38.87      39.09      38.58      39.07   +0.956 <<BUY>> chg=+0.960% >= init=0.1% (ref=38.7) TP≥39.2653 SL≤35.163
    1 2026-04-17T09:16:00+05:30      39.08      39.24      38.85      38.93   -0.358          TP≥39.2653 SL≤35.163
    2 2026-04-17T09:17:00+05:30      38.93      39.06      38.87      39.00   -0.179          TP≥39.2653 SL≤35.163
    3 2026-04-17T09:18:00+05:30      39.00      39.03      38.95      39.02   -0.128          TP≥39.2653 SL≤35.163
    4 2026-04-17T09:19:00+05:30      39.00      39.02      38.86      38.93   -0.358          TP≥39.2653 SL≤35.163
    5 2026-04-17T09:20:00+05:30      38.92      39.02      38.85      38.87   -0.512          TP≥39.2653 SL≤35.163
    6 2026-04-17T09:21:00+05:30      38.86      38.90      38.80      38.84   -0.589          TP≥39.2653 SL≤35.163
    7 2026-04-17T09:22:00+05:30      38.83      39.04      38.80      39.00   -0.179          TP≥39.2653 SL≤35.163
    8 2026-04-17T09:23:00+05:30      39.01      39.30      38.99      39.20   +0.333          TP≥39.2653 SL≤35.163
    9 2026-04-17T09:24:00+05:30      39.21      39.60      39.15      39.52   +1.152 <<SELL>> TP chg=+1.150% vs thresh=0.5% (ref=39.07)             
   10 2026-04-17T09:25:00+05:30      39.50      40.20      39.50      39.89   +0.936 <<BUY>> chg=+0.940% >= init=0.1% (ref=39.52) TP≥40.0894 SL≤35.901
   11 2026-04-17T09:26:00+05:30      39.87      39.94      39.72      39.74   -0.376          TP≥40.0894 SL≤35.901
   12 2026-04-17T09:27:00+05:30      39.74      39.98      39.71      39.82   -0.175          TP≥40.0894 SL≤35.901
   13 2026-04-17T09:28:00+05:30      39.82      39.85      39.75      39.77   -0.301          TP≥40.0894 SL≤35.901
   14 2026-04-17T09:29:00+05:30      39.76      39.88      39.69      39.84   -0.125          TP≥40.0894 SL≤35.901
   15 2026-04-17T09:30:00+05:30      39.85      39.90      39.62      39.62   -0.677          TP≥40.0894 SL≤35.901
   16 2026-04-17T09:31:00+05:30      39.62      40.03      39.56      39.93   +0.100          TP≥40.0894 SL≤35.901
   17 2026-04-17T09:32:00+05:30      39.94      40.10      39.86      39.95   +0.150          TP≥40.0894 SL≤35.901
   18 2026-04-17T09:33:00+05:30      39.92      39.95      39.81      39.88   -0.025          TP≥40.0894 SL≤35.901
   19 2026-04-17T09:34:00+05:30      39.85      40.18      39.84      40.07   +0.451          TP≥40.0894 SL≤35.901
   20 2026-04-17T09:35:00+05:30      40.07      40.31      40.00      40.14   +0.627 <<SELL>> TP chg=+0.630% vs thresh=0.5% (ref=39.89)             
   21 2026-04-17T09:36:00+05:30      40.13      40.23      40.10      40.19   +0.125 <<BUY>> chg=+0.120% >= init=0.1% (ref=40.14) TP≥40.3909 SL≤36.171
   22 2026-04-17T09:37:00+05:30      40.18      40.50      40.16      40.45   +0.647 <<SELL>> TP chg=+0.650% vs thresh=0.5% (ref=40.19)             
   23 2026-04-17T09:38:00+05:30      40.44      40.88      40.42      40.79   +0.841 <<BUY>> chg=+0.840% >= init=0.1% (ref=40.45) TP≥40.9939 SL≤36.711
   24 2026-04-17T09:39:00+05:30      40.77      41.10      40.73      40.97   +0.441          TP≥40.9939 SL≤36.711
   25 2026-04-17T09:40:00+05:30      40.97      41.40      40.92      41.25   +1.128 <<SELL>> TP chg=+1.130% vs thresh=0.5% (ref=40.79)             
   26 2026-04-17T09:41:00+05:30      41.25      41.27      40.90      40.96   -0.703                      
   27 2026-04-17T09:42:00+05:30      40.93      41.00      40.76      40.87   -0.921                      
   28 2026-04-17T09:43:00+05:30      40.87      40.87      40.60      40.72   -1.285                      
   29 2026-04-17T09:44:00+05:30      40.72      40.96      40.67      40.95   -0.727                      
   30 2026-04-17T09:45:00+05:30      40.94      40.97      40.71      40.74   -1.236                      
   31 2026-04-17T09:46:00+05:30      40.77      40.85      40.62      40.62   -1.527                      
   32 2026-04-17T09:47:00+05:30      40.65      40.72      40.56      40.58   -1.624                      
   33 2026-04-17T09:48:00+05:30      40.58      40.62      40.42      40.47   -1.891                      
   34 2026-04-17T09:49:00+05:30      40.45      40.61      40.45      40.58   -1.624                      
   35 2026-04-17T09:50:00+05:30      40.61      40.64      40.48      40.53   -1.745                      
   36 2026-04-17T09:51:00+05:30      40.53      40.55      40.45      40.46   -1.915                      
   37 2026-04-17T09:52:00+05:30      40.46      40.55      40.42      40.52   -1.770                      
   38 2026-04-17T09:53:00+05:30      40.50      40.79      40.48      40.74   -1.236                      
   39 2026-04-17T09:54:00+05:30      40.74      40.85      40.72      40.74   -1.236                      
   40 2026-04-17T09:55:00+05:30      40.75      40.79      40.48      40.53   -1.745                      
   41 2026-04-17T09:56:00+05:30      40.53      40.68      40.50      40.60   -1.576                      
   42 2026-04-17T09:57:00+05:30      40.60      40.67      40.56      40.59   -1.600                      
   43 2026-04-17T09:58:00+05:30      40.56      40.63      40.55      40.60   -1.576                      
   44 2026-04-17T09:59:00+05:30      40.58      40.67      40.55      40.64   -1.479                      
   45 2026-04-17T10:00:00+05:30      40.63      40.77      40.63      40.76   -1.188                      
   46 2026-04-17T10:01:00+05:30      40.76      40.88      40.74      40.83   -1.018                      
   47 2026-04-17T10:02:00+05:30      40.80      40.98      40.78      40.95   -0.727                      
   48 2026-04-17T10:03:00+05:30      40.95      40.98      40.82      40.86   -0.945                      
   49 2026-04-17T10:04:00+05:30      40.83      41.10      40.78      41.03   -0.533                      
   50 2026-04-17T10:05:00+05:30      41.03      41.15      40.99      41.03   -0.533                      
   51 2026-04-17T10:06:00+05:30      41.03      41.15      40.87      41.15   -0.242                      
   52 2026-04-17T10:07:00+05:30      41.15      41.15      41.05      41.07   -0.436                      
   53 2026-04-17T10:08:00+05:30      41.07      41.10      40.93      40.99   -0.630                      
   54 2026-04-17T10:09:00+05:30      40.99      41.07      40.96      41.06   -0.461                      
   55 2026-04-17T10:10:00+05:30      41.06      41.29      41.06      41.26   +0.024                      
   56 2026-04-17T10:11:00+05:30      41.27      41.30      41.00      41.04   -0.509                      
   57 2026-04-17T10:12:00+05:30      41.01      41.04      40.90      40.95   -0.727                      
   58 2026-04-17T10:13:00+05:30      40.94      41.24      40.92      41.21   -0.097                      
   59 2026-04-17T10:14:00+05:30      41.21      41.24      41.07      41.11   -0.339                      
   60 2026-04-17T10:15:00+05:30      41.11      41.20      41.07      41.17   -0.194                      
   61 2026-04-17T10:16:00+05:30      41.14      41.19      41.11      41.13   -0.291                      
   62 2026-04-17T10:17:00+05:30      41.13      41.23      41.11      41.12   -0.315                      
   63 2026-04-17T10:18:00+05:30      41.11      41.18      41.11      41.17   -0.194                      
   64 2026-04-17T10:19:00+05:30      41.15      41.17      41.05      41.10   -0.364                      
   65 2026-04-17T10:20:00+05:30      41.09      41.13      40.91      41.02   -0.558                      
   66 2026-04-17T10:21:00+05:30      41.03      41.04      40.93      40.98   -0.655                      
   67 2026-04-17T10:22:00+05:30      40.98      41.12      40.98      41.05   -0.485                      
   68 2026-04-17T10:23:00+05:30      41.05      41.09      41.02      41.04   -0.509                      
   69 2026-04-17T10:24:00+05:30      41.05      41.18      41.03      41.16   -0.218                      
   70 2026-04-17T10:25:00+05:30      41.15      41.35      41.14      41.32   +0.170 <<BUY>> chg=+0.170% >= init=0.1% (ref=41.25) TP≥41.5266 SL≤37.188
   71 2026-04-17T10:26:00+05:30      41.31      41.49      41.30      41.41   +0.218          TP≥41.5266 SL≤37.188
   72 2026-04-17T10:27:00+05:30      41.41      41.53      41.39      41.53   +0.508 <<SELL>> TP chg=+0.510% vs thresh=0.5% (ref=41.32)             
   73 2026-04-17T10:28:00+05:30      41.51      41.77      41.43      41.72   +0.458 <<BUY>> chg=+0.460% >= init=0.1% (ref=41.53) TP≥41.9286 SL≤37.548
   74 2026-04-17T10:29:00+05:30      41.76      41.84      41.72      41.72   +0.000          TP≥41.9286 SL≤37.548
   75 2026-04-17T10:30:00+05:30      41.75      41.78      41.52      41.60   -0.288          TP≥41.9286 SL≤37.548
   76 2026-04-17T10:31:00+05:30      41.61      41.70      41.52      41.69   -0.072          TP≥41.9286 SL≤37.548
   77 2026-04-17T10:32:00+05:30      41.68      41.70      41.57      41.62   -0.240          TP≥41.9286 SL≤37.548
   78 2026-04-17T10:33:00+05:30      41.62      41.75      41.57      41.72   +0.000          TP≥41.9286 SL≤37.548
   79 2026-04-17T10:34:00+05:30      41.71      41.78      41.62      41.70   -0.048          TP≥41.9286 SL≤37.548
   80 2026-04-17T10:35:00+05:30      41.70      41.71      41.59      41.59   -0.312          TP≥41.9286 SL≤37.548
   81 2026-04-17T10:36:00+05:30      41.60      41.67      41.57      41.63   -0.216          TP≥41.9286 SL≤37.548
   82 2026-04-17T10:37:00+05:30      41.61      41.65      41.52      41.59   -0.312          TP≥41.9286 SL≤37.548
   83 2026-04-17T10:38:00+05:30      41.56      41.63      41.55      41.60   -0.288          TP≥41.9286 SL≤37.548
   84 2026-04-17T10:39:00+05:30      41.60      41.70      41.59      41.65   -0.168          TP≥41.9286 SL≤37.548
   85 2026-04-17T10:40:00+05:30      41.62      41.65      41.50      41.51   -0.503          TP≥41.9286 SL≤37.548
   86 2026-04-17T10:41:00+05:30      41.50      41.62      41.45      41.57   -0.360          TP≥41.9286 SL≤37.548
   87 2026-04-17T10:42:00+05:30      41.58      41.59      41.45      41.45   -0.647          TP≥41.9286 SL≤37.548
   88 2026-04-17T10:43:00+05:30      41.45      41.55      41.45      41.48   -0.575          TP≥41.9286 SL≤37.548
   89 2026-04-17T10:44:00+05:30      41.50      41.65      41.48      41.63   -0.216          TP≥41.9286 SL≤37.548
   90 2026-04-17T10:45:00+05:30      41.62      41.78      41.61      41.75   +0.072          TP≥41.9286 SL≤37.548
   91 2026-04-17T10:46:00+05:30      41.75      41.85      41.71      41.73   +0.024          TP≥41.9286 SL≤37.548
   92 2026-04-17T10:47:00+05:30      41.73      41.74      41.65      41.70   -0.048          TP≥41.9286 SL≤37.548
   93 2026-04-17T10:48:00+05:30      41.70      41.85      41.70      41.85   +0.312          TP≥41.9286 SL≤37.548
   94 2026-04-17T10:49:00+05:30      41.83      41.89      41.80      41.82   +0.240          TP≥41.9286 SL≤37.548
   95 2026-04-17T10:50:00+05:30      41.84      41.85      41.70      41.78   +0.144          TP≥41.9286 SL≤37.548
   96 2026-04-17T10:51:00+05:30      41.81      41.81      41.72      41.75   +0.072          TP≥41.9286 SL≤37.548
   97 2026-04-17T10:52:00+05:30      41.73      41.84      41.72      41.81   +0.216          TP≥41.9286 SL≤37.548
   98 2026-04-17T10:53:00+05:30      41.81      41.87      41.76      41.80   +0.192          TP≥41.9286 SL≤37.548
   99 2026-04-17T10:54:00+05:30      41.79      41.86      41.70      41.75   +0.072          TP≥41.9286 SL≤37.548
  100 2026-04-17T10:55:00+05:30      41.75      41.76      41.72      41.72   +0.000          TP≥41.9286 SL≤37.548
  101 2026-04-17T10:56:00+05:30      41.72      41.73      41.61      41.69   -0.072          TP≥41.9286 SL≤37.548
  102 2026-04-17T10:57:00+05:30      41.69      41.70      41.64      41.67   -0.120          TP≥41.9286 SL≤37.548
  103 2026-04-17T10:58:00+05:30      41.65      41.67      41.53      41.59   -0.312          TP≥41.9286 SL≤37.548
  104 2026-04-17T10:59:00+05:30      41.62      41.69      41.56      41.66   -0.144          TP≥41.9286 SL≤37.548
  105 2026-04-17T11:00:00+05:30      41.65      41.68      41.62      41.66   -0.144          TP≥41.9286 SL≤37.548
  106 2026-04-17T11:01:00+05:30      41.68      41.68      41.56      41.57   -0.360          TP≥41.9286 SL≤37.548
  107 2026-04-17T11:02:00+05:30      41.60      41.65      41.52      41.62   -0.240          TP≥41.9286 SL≤37.548
  108 2026-04-17T11:03:00+05:30      41.64      41.67      41.56      41.57   -0.360          TP≥41.9286 SL≤37.548
  109 2026-04-17T11:04:00+05:30      41.57      41.60      41.52      41.52   -0.479          TP≥41.9286 SL≤37.548
  110 2026-04-17T11:05:00+05:30      41.52      41.65      41.50      41.61   -0.264          TP≥41.9286 SL≤37.548
  111 2026-04-17T11:06:00+05:30      41.64      41.69      41.60      41.66   -0.144          TP≥41.9286 SL≤37.548
  112 2026-04-17T11:07:00+05:30      41.68      41.80      41.65      41.77   +0.120          TP≥41.9286 SL≤37.548
  113 2026-04-17T11:08:00+05:30      41.77      41.84      41.74      41.80   +0.192          TP≥41.9286 SL≤37.548
  114 2026-04-17T11:09:00+05:30      41.78      41.85      41.75      41.85   +0.312          TP≥41.9286 SL≤37.548
  115 2026-04-17T11:10:00+05:30      41.84      41.85      41.70      41.72   +0.000          TP≥41.9286 SL≤37.548
  116 2026-04-17T11:11:00+05:30      41.72      41.78      41.70      41.76   +0.096          TP≥41.9286 SL≤37.548
  117 2026-04-17T11:12:00+05:30      41.76      41.79      41.72      41.78   +0.144          TP≥41.9286 SL≤37.548
  118 2026-04-17T11:13:00+05:30      41.77      41.78      41.67      41.72   +0.000          TP≥41.9286 SL≤37.548
  119 2026-04-17T11:14:00+05:30      41.73      41.82      41.70      41.82   +0.240          TP≥41.9286 SL≤37.548
  120 2026-04-17T11:15:00+05:30      41.81      41.83      41.75      41.77   +0.120          TP≥41.9286 SL≤37.548
  121 2026-04-17T11:16:00+05:30      41.79      41.83      41.76      41.80   +0.192          TP≥41.9286 SL≤37.548
  122 2026-04-17T11:17:00+05:30      41.82      41.89      41.77      41.88   +0.384          TP≥41.9286 SL≤37.548
  123 2026-04-17T11:18:00+05:30      41.86      41.94      41.82      41.92   +0.479          TP≥41.9286 SL≤37.548
  124 2026-04-17T11:19:00+05:30      41.93      42.00      41.90      41.96   +0.575 <<SELL>> TP chg=+0.580% vs thresh=0.5% (ref=41.72)             
  125 2026-04-17T11:20:00+05:30      41.94      41.94      41.88      41.88   -0.191                      
  126 2026-04-17T11:21:00+05:30      41.88      41.92      41.85      41.89   -0.167                      
  127 2026-04-17T11:22:00+05:30      41.90      41.90      41.86      41.87   -0.214                      
  128 2026-04-17T11:23:00+05:30      41.87      41.89      41.85      41.88   -0.191                      
  129 2026-04-17T11:24:00+05:30      41.87      41.89      41.84      41.88   -0.191                      
  130 2026-04-17T11:25:00+05:30      41.88      41.90      41.85      41.90   -0.143                      
  131 2026-04-17T11:26:00+05:30      41.89      41.90      41.78      41.83   -0.310                      
  132 2026-04-17T11:27:00+05:30      41.84      41.87      41.78      41.80   -0.381                      
  133 2026-04-17T11:28:00+05:30      41.81      41.84      41.79      41.83   -0.310                      
  134 2026-04-17T11:29:00+05:30      41.84      41.84      41.71      41.71   -0.596                      
  135 2026-04-17T11:30:00+05:30      41.71      41.79      41.70      41.79   -0.405                      
  136 2026-04-17T11:31:00+05:30      41.79      41.81      41.76      41.81   -0.357                      
  137 2026-04-17T11:32:00+05:30      41.80      41.82      41.75      41.75   -0.500                      
  138 2026-04-17T11:33:00+05:30      41.76      41.79      41.71      41.72   -0.572                      
  139 2026-04-17T11:34:00+05:30      41.73      41.75      41.61      41.64   -0.763                      
  140 2026-04-17T11:35:00+05:30      41.67      41.69      41.64      41.65   -0.739                      
  141 2026-04-17T11:36:00+05:30      41.67      41.69      41.65      41.67   -0.691                      
  142 2026-04-17T11:37:00+05:30      41.65      41.76      41.65      41.76   -0.477                      
  143 2026-04-17T11:38:00+05:30      41.74      41.77      41.72      41.73   -0.548                      
  144 2026-04-17T11:39:00+05:30      41.72      41.72      41.66      41.70   -0.620                      
  145 2026-04-17T11:40:00+05:30      41.68      41.70      41.65      41.66   -0.715                      
  146 2026-04-17T11:41:00+05:30      41.66      41.67      41.58      41.63   -0.786                      
  147 2026-04-17T11:42:00+05:30      41.62      41.63      41.55      41.60   -0.858                      
  148 2026-04-17T11:43:00+05:30      41.62      41.66      41.60      41.66   -0.715                      
  149 2026-04-17T11:44:00+05:30      41.65      41.69      41.63      41.69   -0.643                      
  150 2026-04-17T11:45:00+05:30      41.69      41.70      41.66      41.68   -0.667                      
  151 2026-04-17T11:46:00+05:30      41.67      41.69      41.65      41.68   -0.667                      
  152 2026-04-17T11:47:00+05:30      41.67      41.68      41.62      41.64   -0.763                      
  153 2026-04-17T11:48:00+05:30      41.64      41.66      41.61      41.65   -0.739                      
  154 2026-04-17T11:49:00+05:30      41.64      41.70      41.64      41.69   -0.643                      
  155 2026-04-17T11:50:00+05:30      41.69      41.71      41.64      41.66   -0.715                      
  156 2026-04-17T11:51:00+05:30      41.66      41.70      41.63      41.66   -0.715                      
  157 2026-04-17T11:52:00+05:30      41.63      41.66      41.62      41.64   -0.763                      
  158 2026-04-17T11:53:00+05:30      41.64      41.66      41.55      41.58   -0.906                      
  159 2026-04-17T11:54:00+05:30      41.58      41.66      41.56      41.60   -0.858                      
  160 2026-04-17T11:55:00+05:30      41.61      41.62      41.32      41.43   -1.263                      
  161 2026-04-17T11:56:00+05:30      41.43      41.47      41.30      41.38   -1.382                      
  162 2026-04-17T11:57:00+05:30      41.37      41.54      41.37      41.52   -1.049                      
  163 2026-04-17T11:58:00+05:30      41.50      41.59      41.50      41.55   -0.977                      
  164 2026-04-17T11:59:00+05:30      41.55      41.58      41.50      41.52   -1.049                      
  165 2026-04-17T12:00:00+05:30      41.52      41.59      41.44      41.46   -1.192                      
  166 2026-04-17T12:01:00+05:30      41.46      41.50      41.45      41.48   -1.144                      
  167 2026-04-17T12:02:00+05:30      41.47      41.48      41.45      41.45   -1.215                      
  168 2026-04-17T12:03:00+05:30      41.45      41.46      41.41      41.42   -1.287                      
  169 2026-04-17T12:04:00+05:30      41.43      41.44      41.40      41.40   -1.335                      
  170 2026-04-17T12:05:00+05:30      41.41      41.45      41.40      41.45   -1.215                      
  171 2026-04-17T12:06:00+05:30      41.45      41.48      41.44      41.48   -1.144                      
  172 2026-04-17T12:07:00+05:30      41.48      41.55      41.47      41.55   -0.977                      
  173 2026-04-17T12:08:00+05:30      41.54      41.58      41.50      41.53   -1.025                      
  174 2026-04-17T12:09:00+05:30      41.52      41.55      41.47      41.50   -1.096                      
  175 2026-04-17T12:10:00+05:30      41.51      41.54      41.48      41.50   -1.096                      
  176 2026-04-17T12:11:00+05:30      41.50      41.60      41.50      41.56   -0.953                      
  177 2026-04-17T12:12:00+05:30      41.57      41.60      41.55      41.58   -0.906                      
  178 2026-04-17T12:13:00+05:30      41.58      41.60      41.44      41.46   -1.192                      
  179 2026-04-17T12:14:00+05:30      41.46      41.50      41.45      41.45   -1.215                      
  180 2026-04-17T12:15:00+05:30      41.47      41.47      41.25      41.31   -1.549                      
  181 2026-04-17T12:16:00+05:30      41.30      41.37      41.20      41.30   -1.573                      
  182 2026-04-17T12:17:00+05:30      41.29      41.35      41.28      41.30   -1.573                      
  183 2026-04-17T12:18:00+05:30      41.30      41.30      41.12      41.13   -1.978                      
  184 2026-04-17T12:19:00+05:30      41.13      41.23      41.12      41.16   -1.907                      
  185 2026-04-17T12:20:00+05:30      41.16      41.17      41.06      41.12   -2.002                      
  186 2026-04-17T12:21:00+05:30      41.14      41.14      41.08      41.08   -2.097                      
  187 2026-04-17T12:22:00+05:30      41.09      41.10      41.05      41.06   -2.145                      
  188 2026-04-17T12:23:00+05:30      41.05      41.14      41.05      41.12   -2.002                      
  189 2026-04-17T12:24:00+05:30      41.12      41.12      41.10      41.11   -2.026                      
  190 2026-04-17T12:25:00+05:30      41.12      41.24      41.10      41.18   -1.859                      
  191 2026-04-17T12:26:00+05:30      41.17      41.23      41.16      41.18   -1.859                      
  192 2026-04-17T12:27:00+05:30      41.19      41.22      41.17      41.20   -1.811                      
  193 2026-04-17T12:28:00+05:30      41.20      41.22      41.06      41.08   -2.097                      
  194 2026-04-17T12:29:00+05:30      41.08      41.10      40.81      40.91   -2.502                      
  195 2026-04-17T12:30:00+05:30      40.91      40.97      40.90      40.93   -2.455                      
  196 2026-04-17T12:31:00+05:30      40.94      40.95      40.88      40.88   -2.574                      
  197 2026-04-17T12:32:00+05:30      40.90      40.90      40.71      40.83   -2.693                      
  198 2026-04-17T12:33:00+05:30      40.83      40.87      40.80      40.85   -2.645                      
  199 2026-04-17T12:34:00+05:30      40.87      40.94      40.83      40.90   -2.526                      
  200 2026-04-17T12:35:00+05:30      40.91      40.92      40.87      40.90   -2.526                      
  201 2026-04-17T12:36:00+05:30      40.91      40.98      40.90      40.97   -2.359                      
  202 2026-04-17T12:37:00+05:30      40.96      41.10      40.96      41.00   -2.288                      
  203 2026-04-17T12:38:00+05:30      41.02      41.11      41.01      41.05   -2.169                      
  204 2026-04-17T12:39:00+05:30      41.05      41.08      41.00      41.05   -2.169                      
  205 2026-04-17T12:40:00+05:30      41.06      41.10      41.06      41.08   -2.097                      
  206 2026-04-17T12:41:00+05:30      41.09      41.15      40.93      41.00   -2.288                      
  207 2026-04-17T12:42:00+05:30      41.00      41.00      40.91      40.93   -2.455                      
  208 2026-04-17T12:43:00+05:30      40.93      40.94      40.80      40.85   -2.645                      
  209 2026-04-17T12:44:00+05:30      40.85      40.90      40.82      40.89   -2.550                      
  210 2026-04-17T12:45:00+05:30      40.90      40.95      40.88      40.95   -2.407                      
  211 2026-04-17T12:46:00+05:30      40.94      40.99      40.92      40.96   -2.383                      
  212 2026-04-17T12:47:00+05:30      40.96      40.99      40.95      40.98   -2.336                      
  213 2026-04-17T12:48:00+05:30      40.99      41.00      40.96      40.99   -2.312                      
  214 2026-04-17T12:49:00+05:30      40.99      41.04      40.96      41.03   -2.216                      
  215 2026-04-17T12:50:00+05:30      41.04      41.17      41.04      41.16   -1.907                      
  216 2026-04-17T12:51:00+05:30      41.16      41.19      41.02      41.03   -2.216                      
  217 2026-04-17T12:52:00+05:30      41.03      41.05      41.00      41.02   -2.240                      
  218 2026-04-17T12:53:00+05:30      41.03      41.06      41.01      41.05   -2.169                      
  219 2026-04-17T12:54:00+05:30      41.05      41.06      41.03      41.04   -2.193                      
  220 2026-04-17T12:55:00+05:30      41.05      41.06      41.03      41.04   -2.193                      
  221 2026-04-17T12:56:00+05:30      41.03      41.12      41.03      41.10   -2.050                      
  222 2026-04-17T12:57:00+05:30      41.11      41.20      41.10      41.13   -1.978                      
  223 2026-04-17T12:58:00+05:30      41.15      41.19      41.14      41.17   -1.883                      
  224 2026-04-17T12:59:00+05:30      41.17      41.18      41.15      41.17   -1.883                      
  225 2026-04-17T13:00:00+05:30      41.17      41.18      41.13      41.14   -1.954                      
  226 2026-04-17T13:01:00+05:30      41.16      41.25      41.14      41.18   -1.859                      
  227 2026-04-17T13:02:00+05:30      41.18      41.22      41.17      41.20   -1.811                      
  228 2026-04-17T13:03:00+05:30      41.19      41.20      41.15      41.18   -1.859                      
  229 2026-04-17T13:04:00+05:30      41.18      41.19      41.15      41.17   -1.883                      
  230 2026-04-17T13:05:00+05:30      41.17      41.18      41.15      41.17   -1.883                      
  231 2026-04-17T13:06:00+05:30      41.16      41.18      41.06      41.14   -1.954                      
  232 2026-04-17T13:07:00+05:30      41.14      41.15      41.11      41.14   -1.954                      
  233 2026-04-17T13:08:00+05:30      41.15      41.16      41.13      41.15   -1.930                      
  234 2026-04-17T13:09:00+05:30      41.15      41.29      41.14      41.26   -1.668                      
  235 2026-04-17T13:10:00+05:30      41.27      41.29      41.18      41.22   -1.764                      
  236 2026-04-17T13:11:00+05:30      41.21      41.22      41.13      41.17   -1.883                      
  237 2026-04-17T13:12:00+05:30      41.18      41.19      41.11      41.14   -1.954                      
  238 2026-04-17T13:13:00+05:30      41.14      41.17      41.13      41.14   -1.954                      
  239 2026-04-17T13:14:00+05:30      41.16      41.17      41.13      41.15   -1.930                      
  240 2026-04-17T13:15:00+05:30      41.17      41.17      41.11      41.11   -2.026                      
  241 2026-04-17T13:16:00+05:30      41.11      41.15      41.11      41.11   -2.026                      
  242 2026-04-17T13:17:00+05:30      41.11      41.14      41.11      41.13   -1.978                      
  243 2026-04-17T13:18:00+05:30      41.13      41.14      41.00      41.06   -2.145                      
  244 2026-04-17T13:19:00+05:30      41.06      41.13      41.02      41.13   -1.978                      
  245 2026-04-17T13:20:00+05:30      41.10      41.14      41.07      41.13   -1.978                      
  246 2026-04-17T13:21:00+05:30      41.13      41.23      41.12      41.22   -1.764                      
  247 2026-04-17T13:22:00+05:30      41.22      41.25      41.20      41.24   -1.716                      
  248 2026-04-17T13:23:00+05:30      41.24      41.30      41.16      41.18   -1.859                      
  249 2026-04-17T13:24:00+05:30      41.20      41.28      41.17      41.22   -1.764                      
  250 2026-04-17T13:25:00+05:30      41.25      41.28      41.22      41.27   -1.644                      
  251 2026-04-17T13:26:00+05:30      41.28      41.29      41.22      41.27   -1.644                      
  252 2026-04-17T13:27:00+05:30      41.27      41.28      41.23      41.25   -1.692                      
  253 2026-04-17T13:28:00+05:30      41.26      41.26      41.20      41.23   -1.740                      
  254 2026-04-17T13:29:00+05:30      41.23      41.28      41.20      41.27   -1.644                      
  255 2026-04-17T13:30:00+05:30      41.28      41.28      41.24      41.25   -1.692                      
  256 2026-04-17T13:31:00+05:30      41.25      41.26      41.21      41.24   -1.716                      
  257 2026-04-17T13:32:00+05:30      41.23      41.24      41.18      41.22   -1.764                      
  258 2026-04-17T13:33:00+05:30      41.22      41.23      41.18      41.20   -1.811                      
  259 2026-04-17T13:34:00+05:30      41.19      41.19      41.06      41.08   -2.097                      
  260 2026-04-17T13:35:00+05:30      41.09      41.10      41.06      41.08   -2.097                      
  261 2026-04-17T13:36:00+05:30      41.08      41.10      41.07      41.09   -2.073                      
  262 2026-04-17T13:37:00+05:30      41.10      41.13      41.07      41.10   -2.050                      
  263 2026-04-17T13:38:00+05:30      41.11      41.13      41.07      41.09   -2.073                      
  264 2026-04-17T13:39:00+05:30      41.09      41.10      40.92      41.00   -2.288                      
  265 2026-04-17T13:40:00+05:30      41.01      41.06      40.98      41.04   -2.193                      
  266 2026-04-17T13:41:00+05:30      41.04      41.10      41.02      41.10   -2.050                      
  267 2026-04-17T13:42:00+05:30      41.09      41.11      41.06      41.08   -2.097                      
  268 2026-04-17T13:43:00+05:30      41.08      41.11      41.02      41.05   -2.169                      
  269 2026-04-17T13:44:00+05:30      41.06      41.08      41.02      41.06   -2.145                      
  270 2026-04-17T13:45:00+05:30      41.07      41.15      41.06      41.15   -1.930                      
  271 2026-04-17T13:46:00+05:30      41.14      41.15      41.08      41.12   -2.002                      
  272 2026-04-17T13:47:00+05:30      41.12      41.17      41.11      41.15   -1.930                      
  273 2026-04-17T13:48:00+05:30      41.15      41.15      41.06      41.12   -2.002                      
  274 2026-04-17T13:49:00+05:30      41.12      41.12      41.07      41.08   -2.097                      
  275 2026-04-17T13:50:00+05:30      41.09      41.13      41.08      41.13   -1.978                      
  276 2026-04-17T13:51:00+05:30      41.12      41.13      41.09      41.13   -1.978                      
  277 2026-04-17T13:52:00+05:30      41.13      41.14      41.11      41.14   -1.954                      
  278 2026-04-17T13:53:00+05:30      41.13      41.14      41.11      41.12   -2.002                      
  279 2026-04-17T13:54:00+05:30      41.12      41.13      41.11      41.12   -2.002                      
  280 2026-04-17T13:55:00+05:30      41.12      41.16      41.07      41.09   -2.073                      
  281 2026-04-17T13:56:00+05:30      41.07      41.11      41.01      41.10   -2.050                      
  282 2026-04-17T13:57:00+05:30      41.10      41.10      41.05      41.07   -2.121                      
  283 2026-04-17T13:58:00+05:30      41.06      41.08      41.05      41.07   -2.121                      
  284 2026-04-17T13:59:00+05:30      41.07      41.10      41.06      41.09   -2.073                      
  285 2026-04-17T14:00:00+05:30      41.09      41.16      41.09      41.16   -1.907                      
  286 2026-04-17T14:01:00+05:30      41.16      41.23      41.11      41.23   -1.740                      
  287 2026-04-17T14:02:00+05:30      41.23      41.23      41.14      41.19   -1.835                      
  288 2026-04-17T14:03:00+05:30      41.18      41.19      41.15      41.18   -1.859                      
  289 2026-04-17T14:04:00+05:30      41.19      41.20      41.16      41.18   -1.859                      
  290 2026-04-17T14:05:00+05:30      41.19      41.19      41.15      41.17   -1.883                      
  291 2026-04-17T14:06:00+05:30      41.17      41.18      41.07      41.17   -1.883                      
  292 2026-04-17T14:07:00+05:30      41.15      41.18      41.14      41.16   -1.907                      
  293 2026-04-17T14:08:00+05:30      41.17      41.18      41.15      41.17   -1.883                      
  294 2026-04-17T14:09:00+05:30      41.16      41.17      41.14      41.15   -1.930                      
  295 2026-04-17T14:10:00+05:30      41.15      41.18      41.11      41.14   -1.954                      
  296 2026-04-17T14:11:00+05:30      41.14      41.17      41.11      41.16   -1.907                      
  297 2026-04-17T14:12:00+05:30      41.16      41.16      41.11      41.14   -1.954                      
  298 2026-04-17T14:13:00+05:30      41.14      41.15      41.10      41.12   -2.002                      
  299 2026-04-17T14:14:00+05:30      41.11      41.14      41.06      41.09   -2.073                      
  300 2026-04-17T14:15:00+05:30      41.09      41.14      41.07      41.13   -1.978                      
  301 2026-04-17T14:16:00+05:30      41.14      41.15      41.10      41.12   -2.002                      
  302 2026-04-17T14:17:00+05:30      41.12      41.13      41.08      41.12   -2.002                      
  303 2026-04-17T14:18:00+05:30      41.12      41.15      41.10      41.15   -1.930                      
  304 2026-04-17T14:19:00+05:30      41.14      41.17      41.12      41.17   -1.883                      
  305 2026-04-17T14:20:00+05:30      41.16      41.20      41.15      41.20   -1.811                      
  306 2026-04-17T14:21:00+05:30      41.20      41.20      41.10      41.15   -1.930                      
  307 2026-04-17T14:22:00+05:30      41.16      41.16      41.12      41.14   -1.954                      
  308 2026-04-17T14:23:00+05:30      41.13      41.14      41.08      41.08   -2.097                      
  309 2026-04-17T14:24:00+05:30      41.10      41.10      40.88      40.92   -2.479                      
  310 2026-04-17T14:25:00+05:30      40.91      40.99      40.90      40.97   -2.359                      
  311 2026-04-17T14:26:00+05:30      40.97      41.00      40.95      40.96   -2.383                      
  312 2026-04-17T14:27:00+05:30      40.98      41.11      40.96      41.09   -2.073                      
  313 2026-04-17T14:28:00+05:30      41.09      41.12      41.05      41.05   -2.169                      
  314 2026-04-17T14:29:00+05:30      41.06      41.09      41.02      41.05   -2.169                      
  315 2026-04-17T14:30:00+05:30      41.08      41.09      41.01      41.04   -2.193                      
  316 2026-04-17T14:31:00+05:30      41.05      41.05      41.01      41.02   -2.240                      
  317 2026-04-17T14:32:00+05:30      41.03      41.05      41.00      41.02   -2.240                      
  318 2026-04-17T14:33:00+05:30      41.03      41.05      41.02      41.05   -2.169                      
  319 2026-04-17T14:34:00+05:30      41.04      41.09      41.02      41.07   -2.121                      
  320 2026-04-17T14:35:00+05:30      41.07      41.09      41.05      41.08   -2.097                      
  321 2026-04-17T14:36:00+05:30      41.07      41.10      41.06      41.10   -2.050                      
  322 2026-04-17T14:37:00+05:30      41.09      41.10      41.07      41.08   -2.097                      
  323 2026-04-17T14:38:00+05:30      41.09      41.09      41.08      41.08   -2.097                      
  324 2026-04-17T14:39:00+05:30      41.09      41.09      41.06      41.08   -2.097                      
  325 2026-04-17T14:40:00+05:30      41.08      41.09      41.07      41.07   -2.121                      
  326 2026-04-17T14:41:00+05:30      41.07      41.08      41.05      41.06   -2.145                      
  327 2026-04-17T14:42:00+05:30      41.07      41.08      41.05      41.07   -2.121                      
  328 2026-04-17T14:43:00+05:30      41.07      41.18      41.05      41.18   -1.859                      
  329 2026-04-17T14:44:00+05:30      41.18      41.20      41.07      41.17   -1.883                      
  330 2026-04-17T14:45:00+05:30      41.17      41.19      41.12      41.13   -1.978                      
  331 2026-04-17T14:46:00+05:30      41.15      41.16      41.13      41.14   -1.954                      
  332 2026-04-17T14:47:00+05:30      41.15      41.16      41.06      41.10   -2.050                      
  333 2026-04-17T14:48:00+05:30      41.10      41.10      41.02      41.03   -2.216                      
  334 2026-04-17T14:49:00+05:30      41.02      41.03      40.97      41.00   -2.288                      
  335 2026-04-17T14:50:00+05:30      41.00      41.01      40.97      41.00   -2.288                      
  336 2026-04-17T14:51:00+05:30      41.00      41.07      40.90      40.95   -2.407                      
  337 2026-04-17T14:52:00+05:30      40.92      40.95      40.80      40.88   -2.574                      
  338 2026-04-17T14:53:00+05:30      40.86      40.94      40.84      40.93   -2.455                      
  339 2026-04-17T14:54:00+05:30      40.91      40.95      40.87      40.95   -2.407                      
  340 2026-04-17T14:55:00+05:30      40.95      40.99      40.92      40.99   -2.312                      
  341 2026-04-17T14:56:00+05:30      40.98      40.99      40.91      40.97   -2.359                      
  342 2026-04-17T14:57:00+05:30      40.98      41.04      40.95      41.00   -2.288                      
  343 2026-04-17T14:58:00+05:30      41.02      41.05      40.98      41.02   -2.240                      
  344 2026-04-17T14:59:00+05:30      41.00      41.02      40.97      41.00   -2.288                      
  345 2026-04-17T15:00:00+05:30      41.00      41.02      40.88      40.90   -2.526                      
  346 2026-04-17T15:01:00+05:30      40.92      40.94      40.86      40.90   -2.526                      
  347 2026-04-17T15:02:00+05:30      40.92      40.94      40.87      40.90   -2.526                      
  348 2026-04-17T15:03:00+05:30      40.90      40.93      40.87      40.89   -2.550                      
  349 2026-04-17T15:04:00+05:30      40.89      40.94      40.88      40.89   -2.550                      
  350 2026-04-17T15:05:00+05:30      40.92      40.94      40.88      40.94   -2.431                      
  351 2026-04-17T15:06:00+05:30      40.94      40.95      40.90      40.92   -2.479                      
  352 2026-04-17T15:07:00+05:30      40.93      41.00      40.91      40.94   -2.431                      
  353 2026-04-17T15:08:00+05:30      40.97      40.98      40.91      40.93   -2.455                      
  354 2026-04-17T15:09:00+05:30      40.94      40.95      40.81      40.83   -2.693                      
  355 2026-04-17T15:10:00+05:30      40.85      40.87      40.80      40.80   -2.765                      
  356 2026-04-17T15:11:00+05:30      40.80      40.81      40.57      40.62   -3.194                      
  357 2026-04-17T15:12:00+05:30      40.63      40.63      40.51      40.59   -3.265                      
  358 2026-04-17T15:13:00+05:30      40.58      40.70      40.55      40.66   -3.098                      
  359 2026-04-17T15:14:00+05:30      40.68      40.72      40.65      40.66   -3.098                      
  360 2026-04-17T15:15:00+05:30      40.65      40.70      40.60      40.67   -3.074                      

# Stream ended. Total orders: 12
